*Vertices 89
0.012736667
0.019426096
0.011126551
0.004627013
0.001683088
0.010371019
0.009166781
0.004951498
0.019426096
2.6900781211126E-4
0.010634583
0.009825223
0.006613570
0.002429611
0.002477861
0.003219143
0.010759825
0.007242298
0.003868281
0.006085905
0.006330442
0.003714777
0.007737303
2.6900781211126E-4
0.003308893
0.003461205
0.019426096
0.009720681
0.005296472
0.009615448
0.003549230
0
0.002443364
0.002602305
0.005640328
0.002460719
0.002113507
0.004365527
0.009132271
0.002920825
6.1177040613875E-4
0.004544420
0.009273012
0.003821842
0.001602243
0.002129568
7.1569889044918E-4
0.005139527
0.006686396
0.003071239
0.004143235
0.002087224
0.008396721
0.005747126
0.002171742
0.002536118
0.008216174
0.007005338
0.002084440
0.005152778
0.006326837
0.008210827
0.002442551
0.001725843
0.007175490
0.002187326
0.002406915
0.001474508
0.019426096
0.001737578
0.004874442
1.4927601134498E-4
0.006185981
0.009132271
0.002360938
0.001446389
0.004131315
0.238952601
0.002217799
0.002433926
0.002108274
0.005712420
0.001263590
0.002375313
0.001555342
0.002149981
0.001715485
0
8.0703372509619E-4
