*Vertices 89
0.838095238
0.429268293
0.814814815
0.698412698
0.598639456
0.800000000
0.778761062
0.682170543
0.429268293
0.312056738
0.785714286
0.771929825
0.727272727
0.633093525
0.637681159
0.647058824
0.792792793
0.704000000
0.687500000
0.692913386
0.704000000
0.671755725
0.745762712
0.312056738
0.651851852
0.676923077
0.429268293
0.758620690
0.687500000
0.758620690
0.656716418
0.308771930
0.619718310
0.651851852
0.687500000
0.637681159
0.624113475
0.671755725
0.425120773
0.647058824
0.546583851
0.687500000
0.752136752
0.651851852
0.594594595
0.615384615
0.556962025
0.676923077
0.721311475
0.642335766
0.671755725
0.619718310
0.721311475
0.423076923
0.624113475
0.628571429
0.698412698
0.721311475
0.619718310
0.682170543
0.704000000
0.721311475
0.628571429
0.598639456
0.698412698
0.633093525
0.628571429
0.594594595
0.429268293
0.602739726
0.661654135
0.310954064
0.656716418
0.425120773
0.628571429
0.598639456
0.661654135
0.656716418
0.624113475
0.611111111
0.611111111
0.692913386
0.594594595
0.615384615
0.586666667
0.615384615
0.594594595
0.308771930
0.556962025
