0.6458333333333334
0.9280575539568345
0.8072289156626506
0.6481113320079522
0.7655086848635235
0.5242718446601942
0.7654320987654321
0.6605603448275862
0.6854663774403471
0.6330498177399757
0.5968712394705175
0.8826530612244898
0.7831715210355987
0.8156732891832229
0.7684346701164295
0.7810810810810811
0.6868686868686869
0.7465940054495913
0.8594249201277955
0.8287937743190662
0.8507462686567164
0.650375939849624
0.8705035971223022
0.7441860465116279
0.8848484848484849
0.9153846153846154
0.9285714285714286
0.9313725490196079
0.944954128440367
0.9774011299435028
0.8913043478260869
0.6666666666666666
0.41509433962264153
0.2978723404255319
0.7558386411889597
0.6794871794871795
0.9545454545454546
0.7391304347826086
0.6312292358803987
0.826530612244898
0.8
0.6461538461538462
0.8409090909090909
0.7688888888888888
0.7516339869281046
0.8444444444444444
0.7634408602150538
0.7678571428571429
0.7959183673469388
0.8828828828828829
0.7865168539325843
0.855072463768116
0.74
0.8985507246376812
0.7916666666666666
0.7283950617283951
0.8043478260869565
0.5833333333333334
0.7045454545454546
0.5925925925925926
