0.8194444444444444
0.9856115107913669
0.8937568455640745
0.7534791252485089
0.9416873449131513
0.8359223300970874
0.948559670781893
0.8168103448275862
0.9088937093275488
0.6913730255164034
0.7581227436823105
0.9387755102040817
0.948220064724919
0.9547461368653422
0.9094437257438551
0.9513513513513514
0.9191919191919192
0.9564032697547684
0.9616613418530351
0.9416342412451362
0.9776119402985075
0.9962406015037594
0.9856115107913669
0.8488372093023255
0.9878787878787879
0.9846153846153847
0.9444444444444444
0.9509803921568627
0.9495412844036697
0.9887005649717514
0.9565217391304348
0.7916666666666666
0.5911949685534591
0.5342789598108747
0.9490445859872612
0.8846153846153846
0.9696969696969697
0.855072463768116
0.9601328903654485
0.9693877551020408
0.94
0.7538461538461538
0.946969696969697
0.9511111111111111
0.803921568627451
0.9444444444444444
0.8602150537634409
0.9642857142857143
0.9387755102040817
0.9459459459459459
0.8764044943820225
0.927536231884058
0.9
0.9710144927536232
0.9166666666666666
0.9259259259259259
0.9565217391304348
0.8333333333333334
0.9090909090909091
0.8148148148148148
